4 0.5 INQ 0.823607 1.25044 0.493925 0
4 0.5 KOUQ 0.2993 0.527118 0.489475 0.0269
4 0.5 iSLIP 0.720899 1.28352 0.496325 0
8 0.5 INQ 1.16481 1.62963 0.492 0
8 0.5 KOUQ 0.409579 0.674847 0.49615 0.0003
8 0.5 iSLIP 1.00968 1.68132 0.4974 0
16 0.5 INQ 1.36148 1.81349 0.49015 0
16 0.5 KOUQ 0.440157 0.703745 0.496456 0
16 0.5 iSLIP 1.27783 2.14378 0.498213 0
32 0.5 INQ 1.45511 1.90532 0.489219 0
32 0.5 KOUQ 0.451442 0.716959 0.496831 0
32 0.5 iSLIP 1.45256 2.41243 0.498803 0
4 0.9 INQ 4.66893 2.19413 0.65205 0
4 0.9 KOUQ 1.10599 1.01958 0.83495 0.1634
4 0.9 iSLIP 25.0103 23.9428 0.89775 0
8 0.9 INQ 5.04336 2.50052 0.62035 0
8 0.9 KOUQ 1.29594 1.08382 0.841888 0.0072
8 0.9 iSLIP 52.8331 51.0395 0.896088 0
16 0.9 INQ 5.25251 2.74882 0.600956 0
16 0.9 KOUQ 1.30658 1.08977 0.836069 0
16 0.9 iSLIP 95.6957 90.7851 0.890356 0
32 0.9 INQ 5.33854 2.81162 0.594113 0
32 0.9 KOUQ 1.3123 1.09007 0.833534 0
32 0.9 iSLIP 166.543 157.36 0.881737 0
4 0.5 KOUQ 0.346295 0.60011 0.495675 0.0014
4 0.9 KOUQ 1.2544 1.07349 0.85005 0.0118
8 0.5 KOUQ 0.409579 0.674847 0.49615 0
8 0.9 KOUQ 1.29594 1.08382 0.841888 0.0001
16 0.5 KOUQ 0.440157 0.703745 0.496456 0
16 0.9 KOUQ 1.30658 1.08977 0.836069 0
32 0.5 KOUQ 0.451442 0.716959 0.496831 0
32 0.9 KOUQ 1.3123 1.09007 0.833534 0
4 0.5 KOUQ 0.348291 0.604928 0.49585 0
4 0.9 KOUQ 1.25955 1.07684 0.850425 0
8 0.5 KOUQ 0.409579 0.674847 0.49615 0
8 0.9 KOUQ 1.29594 1.08382 0.841888 0
16 0.5 KOUQ 0.440157 0.703745 0.496456 0
16 0.9 KOUQ 1.30658 1.08977 0.836069 0
32 0.5 KOUQ 0.451442 0.716959 0.496831 0
32 0.9 KOUQ 1.3123 1.09007 0.833534 0
8 0.5 INQ 1.16481 1.62963 0.492 0
8 0.5 KOUQ 0.409579 0.674847 0.49615 0
8 0.9 KOUQ 1.29594 1.08382 0.841888 0.0001
16 0.9 KOUQ 1.30658 1.08977 0.836069 0.0002
4 0.5 KOUQ 0.348291 0.604928 0.49585 0
8 0.9 iSLIP 52.8331 51.0395 0.896088 0
8 0.9 iSLIP 52.8331 51.0395 0.896088 0
8 0.5 INQ 1.16481 1.62963 0.492 0
8 0.9 iSLIP 52.8331 51.0395 0.896088 0
4 0.5 KOUQ 0.348291 0.604928 0.49585 0
8 0.5 INQ 1.16481 1.62963 0.492 0
